0 G1AbandonedKingdom_ERP_7680x3840_fps30_qp27_45406k 0.414890202945909 300 240 480
0 G1AbandonedKingdom_ERP_7680x3840_fps30_qp37_9283k 0.490389955570886 300 240 480
0 G1AbandonedKingdom_ERP_7680x3840_fps30_qp42_4140k 0.566788675185082 300 240 480
0 G1AbandonedKingdom_RCMP_7680x3840_fps30_qp27_39229k_ERP 0.405707857507234 300 240 480
0 G1AbandonedKingdom_RCMP_7680x3840_fps30_qp37_7076k_ERP 0.493996048079992 300 240 480
0 G1AbandonedKingdom_RCMP_7680x3840_fps30_qp42_2901k_ERP 0.564821393795086 300 240 480
0 G1AbandonedKingdom_TSP_7680x3840_fps30_qp27_32650k_ERP 0.401581653690665 300 240 480
0 G1AbandonedKingdom_TSP_7680x3840_fps30_qp37_6374k_ERP 0.479827542491325 300 240 480
0 G1AbandonedKingdom_TSP_7680x3840_fps30_qp42_2878k_ERP 0.614215792047552 300 240 480
1 G1Aerial_ERP_7680x3840_fps25_qp27_18646k 0.344890283437103 300 240 480
1 G1Aerial_ERP_7680x3840_fps25_qp37_3307k 0.494133762544660 300 240 480
1 G1Aerial_ERP_7680x3840_fps25_qp42_1216k 0.548620365603728 300 240 480
1 G1Aerial_RCMP_7680x3840_fps25_qp27_13665k_ERP 0.344955891248555 300 240 480
1 G1Aerial_RCMP_7680x3840_fps25_qp37_2092k_ERP 0.478347219434169 300 240 480
1 G1Aerial_RCMP_7680x3840_fps25_qp42_658k_ERP 0.740540528276759 300 240 480
1 G1Aerial_TSP_7680x3840_fps25_qp27_16904k_ERP 0.389334303017491 300 240 480
1 G1Aerial_TSP_7680x3840_fps25_qp37_2794k_ERP 0.438396390432470 300 240 480
1 G1Aerial_TSP_7680x3840_fps25_qp42_1039k_ERP 0.545103376782315 300 240 480
2 G1BajaCalifonia_ERP_3840x2160_fps23.976_qp27_41186k 0.409034248465951 345 240 480
2 G1BajaCalifonia_ERP_3840x2160_fps23.976_qp37_12633k 0.443437319503023 345 240 480
2 G1BajaCalifonia_ERP_3840x2160_fps23.976_qp42_5570k 0.525800278030971 345 240 480
2 G1BajaCalifonia_RCMP_3840x2160_fps23.976_qp27_33080k_ERP 0.386916840358078 345 240 480
2 G1BajaCalifonia_RCMP_3840x2160_fps23.976_qp37_8676k_ERP 0.433432490803381 345 240 480
2 G1BajaCalifonia_RCMP_3840x2160_fps23.976_qp42_3571k_ERP 0.548058858820630 345 240 480
2 G1BajaCalifonia_TSP_3840x2160_fps23.976_qp27_29617k_ERP 0.363389249945133 345 240 480
2 G1BajaCalifonia_TSP_3840x2160_fps23.976_qp37_8309k_ERP 0.398506695864225 345 240 480
2 G1BajaCalifonia_TSP_3840x2160_fps23.976_qp42_3562k_ERP 0.502941982013168 345 240 480
5 G1LateShow_ERP_3840x2160_fps23.976_qp27_11724k 0.411793806117983 470 240 480
5 G1LateShow_ERP_3840x2160_fps23.976_qp37_2051k 0.595487072538945 470 240 480
5 G1LateShow_ERP_3840x2160_fps23.976_qp42_858k 0.684991138648948 470 240 480
5 G1LateShow_RCMP_3840x2160_fps23.976_qp27_8163k_ERP 0.475278156244745 470 240 480
5 G1LateShow_RCMP_3840x2160_fps23.976_qp37_1330k_ERP 0.660704991503728 470 240 480
5 G1LateShow_RCMP_3840x2160_fps23.976_qp42_567k_ERP 0.783926044091746 470 240 480
5 G1LateShow_TSP_3840x2160_fps23.976_qp27_8334k_ERP 0.400116382632895 470 240 480
5 G1LateShow_TSP_3840x2160_fps23.976_qp37_1507k_ERP 0.501645820055575 470 240 480
5 G1LateShow_TSP_3840x2160_fps23.976_qp42_610k_ERP 0.658635504297479 470 240 480
6 G2AstonVillaGoal_ERP_3840x2048_fps24_qp27_11596k 0.403033705502944 540 240 480
6 G2AstonVillaGoal_ERP_3840x2048_fps24_qp37_2141k 0.555649612767723 540 240 480
6 G2AstonVillaGoal_ERP_3840x2048_fps24_qp42_872k 0.694587981148414 540 240 480
6 G2AstonVillaGoal_RCMP_3840x2048_fps24_qp27_9516k_ERP 0.444059945363875 540 240 480
6 G2AstonVillaGoal_RCMP_3840x2048_fps24_qp37_1869k_ERP 0.632368343725732 540 240 480
6 G2AstonVillaGoal_RCMP_3840x2048_fps24_qp42_773k_ERP 0.755766362854774 540 240 480
6 G2AstonVillaGoal_TSP_3840x2048_fps24_qp27_9436k_ERP 0.448456813430466 540 240 480
6 G2AstonVillaGoal_TSP_3840x2048_fps24_qp37_2008k_ERP 0.544480167916047 540 240 480
6 G2AstonVillaGoal_TSP_3840x2048_fps24_qp42_895k_ERP 0.676019535108632 540 240 480
7 G2CougarsTreats_ERP_7680x3840_fps29.97_qp27_11017k 0.376396882802688 300 240 480
7 G2CougarsTreats_ERP_7680x3840_fps29.97_qp37_2178k 0.722346466622671 300 240 480
7 G2CougarsTreats_ERP_7680x3840_fps29.97_qp42_1757k 0.791828447918637 300 240 480
7 G2CougarsTreats_RCMP_7680x3840_fps29.97_qp27_9576k_ERP 0.388067539415740 300 240 480
7 G2CougarsTreats_RCMP_7680x3840_fps29.97_qp37_1906k_ERP 0.730102178949279 300 240 480
7 G2CougarsTreats_RCMP_7680x3840_fps29.97_qp42_1413k_ERP 0.789148374366755 300 240 480
7 G2CougarsTreats_TSP_7680x3840_fps29.97_qp27_13046k_ERP 0.356091898906245 300 240 480
7 G2CougarsTreats_TSP_7680x3840_fps29.97_qp37_2937k_ERP 0.552358641517754 300 240 480
7 G2CougarsTreats_TSP_7680x3840_fps29.97_qp42_1660k_ERP 0.713437971497918 300 240 480
8 G2ForgottenBook_ERP_7680x3840_fps30_qp27_41804k 0.407606949924448 300 240 480
8 G2ForgottenBook_ERP_7680x3840_fps30_qp37_9445k 0.419885104280499 300 240 480
8 G2ForgottenBook_ERP_7680x3840_fps30_qp42_4374k 0.514575235135926 300 240 480
8 G2ForgottenBook_RCMP_7680x3840_fps30_qp27_35526k_ERP 0.327581368432562 300 240 480
8 G2ForgottenBook_RCMP_7680x3840_fps30_qp37_7610k_ERP 0.483663739289382 300 240 480
8 G2ForgottenBook_RCMP_7680x3840_fps30_qp42_3391k_ERP 0.556216887825188 300 240 480
8 G2ForgottenBook_TSP_7680x3840_fps30_qp27_38082k_ERP 0.379888397672785 300 240 480
8 G2ForgottenBook_TSP_7680x3840_fps30_qp37_8728k_ERP 0.382360049332245 300 240 480
8 G2ForgottenBook_TSP_7680x3840_fps30_qp42_3934k_ERP 0.465911299898249 300 240 480
9 G2FormationPace_ERP_7680x3840_fps29.97_qp27_15300k 0.395265144885475 320 240 480
9 G2FormationPace_ERP_7680x3840_fps29.97_qp37_3823k 0.495585189282975 320 240 480
9 G2FormationPace_ERP_7680x3840_fps29.97_qp42_1749k 0.652894400953912 320 240 480
9 G2FormationPace_RCMP_7680x3840_fps29.97_qp27_13882k_ERP 0.403340223454903 320 240 480
9 G2FormationPace_RCMP_7680x3840_fps29.97_qp37_3560k_ERP 0.496027572719793 320 240 480
9 G2FormationPace_RCMP_7680x3840_fps29.97_qp42_1616k_ERP 0.671001109274331 320 240 480
9 G2FormationPace_TSP_7680x3840_fps29.97_qp27_12470k_ERP 0.388554449502431 320 240 480
9 G2FormationPace_TSP_7680x3840_fps29.97_qp37_2831k_ERP 0.524050348580887 320 240 480
9 G2FormationPace_TSP_7680x3840_fps29.97_qp42_1202k_ERP 0.683096002193098 320 240 480
10 G2HangtownMX_ERP_3840x2160_fps29.97_qp27_26305k 0.361272359784848 400 240 480
10 G2HangtownMX_ERP_3840x2160_fps29.97_qp37_7064k 0.426357386592575 400 240 480
10 G2HangtownMX_ERP_3840x2160_fps29.97_qp42_3193k 0.473829823220100 400 240 480
10 G2HangtownMX_RCMP_3840x2160_fps29.97_qp27_24069k_ERP 0.395181030928911 400 240 480
10 G2HangtownMX_RCMP_3840x2160_fps29.97_qp37_6145k_ERP 0.463955291344921 400 240 480
10 G2HangtownMX_RCMP_3840x2160_fps29.97_qp42_2719k_ERP 0.533055224573825 400 240 480
10 G2HangtownMX_TSP_3840x2160_fps29.97_qp27_26027k_ERP 0.357766990818391 400 240 480
10 G2HangtownMX_TSP_3840x2160_fps29.97_qp37_7244k_ERP 0.378668764905282 400 240 480
10 G2HangtownMX_TSP_3840x2160_fps29.97_qp42_3352k_ERP 0.443559899598375 400 240 480
11 G2VictoriaFalls_ERP_3840x2048_fps23.976_qp27_24509k 0.325720204064409 450 240 480
11 G2VictoriaFalls_ERP_3840x2048_fps23.976_qp37_6563k 0.403275080319487 450 240 480
11 G2VictoriaFalls_ERP_3840x2048_fps23.976_qp42_2812k 0.514177603509937 450 240 480
11 G2VictoriaFalls_RCMP_3840x2048_fps23.976_qp27_19501k_ERP 0.361705916561032 450 240 480
11 G2VictoriaFalls_RCMP_3840x2048_fps23.976_qp37_4268k_ERP 0.485897508442366 450 240 480
11 G2VictoriaFalls_RCMP_3840x2048_fps23.976_qp42_1690k_ERP 0.600080161223519 450 240 480
11 G2VictoriaFalls_TSP_3840x2048_fps23.976_qp27_20870k_ERP 0.339855743858073 450 240 480
11 G2VictoriaFalls_TSP_3840x2048_fps23.976_qp37_4881k_ERP 0.436281666966148 450 240 480
11 G2VictoriaFalls_TSP_3840x2048_fps23.976_qp42_2125k_ERP 0.477655000832418 450 240 480
13 G3GetYoGurl_ERP_3840x1920_fps29.97_qp27_14177k 0.409779643047733 380 240 480
13 G3GetYoGurl_ERP_3840x1920_fps29.97_qp37_3395k 0.455075874447499 380 240 480
13 G3GetYoGurl_ERP_3840x1920_fps29.97_qp42_1688k 0.613217218427981 380 240 480
13 G3GetYoGurl_RCMP_3840x1920_fps29.97_qp27_13169k_ERP 0.368622925947598 380 240 480
13 G3GetYoGurl_RCMP_3840x1920_fps29.97_qp37_3089k_ERP 0.505324235923831 380 240 480
13 G3GetYoGurl_RCMP_3840x1920_fps29.97_qp42_1561k_ERP 0.567891450013679 380 240 480
13 G3GetYoGurl_TSP_3840x1920_fps29.97_qp27_13891k_ERP 0.464598808843872 380 240 480
13 G3GetYoGurl_TSP_3840x1920_fps29.97_qp37_3479k_ERP 0.445222845890741 380 240 480
13 G3GetYoGurl_TSP_3840x1920_fps29.97_qp42_1760k_ERP 0.559331045975730 380 240 480
14 G3NoControl_ERP_7168x3584_fps30_qp27_34976k 0.426287867396730 300 240 480
14 G3NoControl_ERP_7168x3584_fps30_qp37_10472k 0.473463034151335 300 240 480
14 G3NoControl_ERP_7168x3584_fps30_qp42_5758k 0.638144915645144 300 240 480
14 G3NoControl_RCMP_7168x3584_fps30_qp27_34949k_ERP 0.409360271645785 300 240 480
14 G3NoControl_RCMP_7168x3584_fps30_qp37_9662k_ERP 0.472859504384715 300 240 480
14 G3NoControl_RCMP_7168x3584_fps30_qp42_5132k_ERP 0.581083057551066 300 240 480
14 G3NoControl_TSP_7168x3584_fps30_qp27_36984k_ERP 0.377955783973849 300 240 480
14 G3NoControl_TSP_7168x3584_fps30_qp37_11283k_ERP 0.388539639062161 300 240 480
14 G3NoControl_TSP_7168x3584_fps30_qp42_6381k_ERP 0.463942664581392 300 240 480
15 G3Sailing49er_ERP_3840x2160_fps29.97_qp27_35857k 0.366325701491305 500 240 480
15 G3Sailing49er_ERP_3840x2160_fps29.97_qp37_11792k 0.435006889723127 500 240 480
15 G3Sailing49er_ERP_3840x2160_fps29.97_qp42_5815k 0.527684192957026 500 240 480
15 G3Sailing49er_RCMP_3840x2160_fps29.97_qp27_33116k_ERP 0.434720609217387 500 240 480
15 G3Sailing49er_RCMP_3840x2160_fps29.97_qp37_9845k_ERP 0.451349527243412 500 240 480
15 G3Sailing49er_RCMP_3840x2160_fps29.97_qp42_4707k_ERP 0.549241500038322 500 240 480
15 G3Sailing49er_TSP_3840x2160_fps29.97_qp27_39058k_ERP 0.448408809352913 500 240 480
15 G3Sailing49er_TSP_3840x2160_fps29.97_qp37_12931k_ERP 0.488919376818758 500 240 480
15 G3Sailing49er_TSP_3840x2160_fps29.97_qp42_6697k_ERP 0.478191107022229 500 240 480
16 G3Skiathos_ERP_7680x3840_fps29.97_qp27_78802k 0.360652259885488 320 240 480
16 G3Skiathos_ERP_7680x3840_fps29.97_qp37_11807k 0.451630801999056 320 240 480
16 G3Skiathos_ERP_7680x3840_fps29.97_qp42_2536k 0.775470020145630 320 240 480
16 G3Skiathos_RCMP_7680x3840_fps29.97_qp27_68279k_ERP 0.350706813185737 320 240 480
16 G3Skiathos_RCMP_7680x3840_fps29.97_qp37_8848k_ERP 0.534595028986705 320 240 480
16 G3Skiathos_RCMP_7680x3840_fps29.97_qp42_2086k_ERP 0.822847992953119 320 240 480
16 G3Skiathos_TSP_7680x3840_fps29.97_qp27_64507k_ERP 0.361801325935098 320 240 480
16 G3Skiathos_TSP_7680x3840_fps29.97_qp37_10398k_ERP 0.388776552058362 320 240 480
16 G3Skiathos_TSP_7680x3840_fps29.97_qp42_3284k_ERP 0.565772160505885 320 240 480
18 G4Alcatraz_ERP_7680x3840_fps29.97_qp27_46637k 0.449054739559465 330 240 480
18 G4Alcatraz_ERP_7680x3840_fps29.97_qp37_12609k 0.579403677269389 330 240 480
18 G4Alcatraz_ERP_7680x3840_fps29.97_qp42_5877k 0.554600286215603 330 240 480
18 G4Alcatraz_RCMP_7680x3840_fps29.97_qp27_46132k_ERP 0.471601544276746 330 240 480
18 G4Alcatraz_RCMP_7680x3840_fps29.97_qp37_12044k_ERP 0.505572836963397 330 240 480
18 G4Alcatraz_RCMP_7680x3840_fps29.97_qp42_5576k_ERP 0.595959299169935 330 240 480
18 G4Alcatraz_TSP_7680x3840_fps29.97_qp27_48729k_ERP 0.476229240180422 330 240 480
18 G4Alcatraz_TSP_7680x3840_fps29.97_qp37_13507k_ERP 0.515073455488917 330 240 480
18 G4Alcatraz_TSP_7680x3840_fps29.97_qp42_6442k_ERP 0.549246382246569 330 240 480
20 G4CliffsideMansion_ERP_7680x3840_fps30_qp27_21044k 0.403325048853925 300 240 480
20 G4CliffsideMansion_ERP_7680x3840_fps30_qp37_4698k 0.482819081363414 300 240 480
20 G4CliffsideMansion_ERP_7680x3840_fps30_qp42_2239k 0.673210215426928 300 240 480
20 G4CliffsideMansion_RCMP_7680x3840_fps30_qp27_15439k_ERP 0.388396965741595 300 240 480
20 G4CliffsideMansion_RCMP_7680x3840_fps30_qp37_2866k_ERP 0.526617487338030 300 240 480
20 G4CliffsideMansion_RCMP_7680x3840_fps30_qp42_1286k_ERP 0.761070909801325 300 240 480
20 G4CliffsideMansion_TSP_7680x3840_fps30_qp27_17651k_ERP 0.398312611588563 300 240 480
20 G4CliffsideMansion_TSP_7680x3840_fps30_qp37_3550k_ERP 0.542417781820882 300 240 480
20 G4CliffsideMansion_TSP_7680x3840_fps30_qp42_1650k_ERP 0.695079440225222 300 240 480
22 G4HachaWaterfall_ERP_3840x1920_fps29.97_qp27_27203k 0.432836305351206 380 240 480
22 G4HachaWaterfall_ERP_3840x1920_fps29.97_qp37_6897k 0.504006078020869 380 240 480
22 G4HachaWaterfall_ERP_3840x1920_fps29.97_qp42_2776k 0.546880857056957 380 240 480
22 G4HachaWaterfall_RCMP_3840x1920_fps29.97_qp27_27982k_ERP 0.429646825414789 380 240 480
22 G4HachaWaterfall_RCMP_3840x1920_fps29.97_qp37_7149k_ERP 0.517617525110657 380 240 480
22 G4HachaWaterfall_RCMP_3840x1920_fps29.97_qp42_2977k_ERP 0.526352836420219 380 240 480
22 G4HachaWaterfall_TSP_3840x1920_fps29.97_qp27_35207k_ERP 0.479068727027426 380 240 480
22 G4HachaWaterfall_TSP_3840x1920_fps29.97_qp37_10844k_ERP 0.515800813522793 380 240 480
22 G4HachaWaterfall_TSP_3840x1920_fps29.97_qp42_5183k_ERP 0.570690282477583 380 240 480
24 G5AngelFalls_ERP_7680x3840_fps29.97_qp27_84178k 0.396412737475898 300 240 480
24 G5AngelFalls_ERP_7680x3840_fps29.97_qp37_24236k 0.494549847793588 300 240 480
24 G5AngelFalls_ERP_7680x3840_fps29.97_qp42_10699k 0.566415063016972 300 240 480
24 G5AngelFalls_RCMP_7680x3840_fps29.97_qp27_71667k_ERP 0.446262150814831 300 240 480
24 G5AngelFalls_RCMP_7680x3840_fps29.97_qp37_15355k_ERP 0.502171198806254 300 240 480
24 G5AngelFalls_RCMP_7680x3840_fps29.97_qp42_5831k_ERP 0.603574109524516 300 240 480
24 G5AngelFalls_TSP_7680x3840_fps29.97_qp27_64777k_ERP 0.445089337583855 300 240 480
24 G5AngelFalls_TSP_7680x3840_fps29.97_qp37_14925k_ERP 0.470678591628576 300 240 480
24 G5AngelFalls_TSP_7680x3840_fps29.97_qp42_6127k_ERP 0.516770366904247 300 240 480
25 G5BearSwimming_ERP_3840x2048_fps23.976_qp27_10225k 0.413468201834154 500 240 480
25 G5BearSwimming_ERP_3840x2048_fps23.976_qp37_2779k 0.475864007495779 500 240 480
25 G5BearSwimming_ERP_3840x2048_fps23.976_qp42_1273k 0.662453758716171 500 240 480
25 G5BearSwimming_RCMP_3840x2048_fps23.976_qp27_9182k_ERP 0.432181189954809 500 240 480
25 G5BearSwimming_RCMP_3840x2048_fps23.976_qp37_2414k_ERP 0.562491253359287 500 240 480
25 G5BearSwimming_RCMP_3840x2048_fps23.976_qp42_1098k_ERP 0.701849007372075 500 240 480
25 G5BearSwimming_TSP_3840x2048_fps23.976_qp27_7817k_ERP 0.480065447213816 500 240 480
25 G5BearSwimming_TSP_3840x2048_fps23.976_qp37_1860k_ERP 0.509950596429190 500 240 480
25 G5BearSwimming_TSP_3840x2048_fps23.976_qp42_784k_ERP 0.660851740167352 500 240 480
26 G5EbinShader_ERP_7168x3584_fps30_qp27_31040k 0.436253850710521 330 240 480
26 G5EbinShader_ERP_7168x3584_fps30_qp37_4094k 0.427887828013334 330 240 480
26 G5EbinShader_ERP_7168x3584_fps30_qp42_1383k 0.542657126590948 330 240 480
26 G5EbinShader_RCMP_7168x3584_fps30_qp27_29798k_ERP 0.390286627192032 330 240 480
26 G5EbinShader_RCMP_7168x3584_fps30_qp37_3950k_ERP 0.457116459085525 330 240 480
26 G5EbinShader_RCMP_7168x3584_fps30_qp42_1341k_ERP 0.527779671404173 330 240 480
26 G5EbinShader_TSP_7168x3584_fps30_qp27_32180k_ERP 0.385076611804906 330 240 480
26 G5EbinShader_TSP_7168x3584_fps30_qp37_5346k_ERP 0.400416266506802 330 240 480
26 G5EbinShader_TSP_7168x3584_fps30_qp42_1804k_ERP 0.490996112310779 330 240 480
27 G5Neighborhood_ERP_3840x1920_fps23.976_qp27_24718k 0.444302183010101 400 240 480
27 G5Neighborhood_ERP_3840x1920_fps23.976_qp37_7721k 0.439307365087153 400 240 480
27 G5Neighborhood_ERP_3840x1920_fps23.976_qp42_3894k 0.554935122681933 400 240 480
27 G5Neighborhood_RCMP_3840x1920_fps23.976_qp27_21854k_ERP 0.402365402949874 400 240 480
27 G5Neighborhood_RCMP_3840x1920_fps23.976_qp37_6107k_ERP 0.427190411890095 400 240 480
27 G5Neighborhood_RCMP_3840x1920_fps23.976_qp42_2920k_ERP 0.566672932181104 400 240 480
27 G5Neighborhood_TSP_3840x1920_fps23.976_qp27_22320k_ERP 0.413630380454909 400 240 480
27 G5Neighborhood_TSP_3840x1920_fps23.976_qp37_6466k_ERP 0.448354451839588 400 240 480
27 G5Neighborhood_TSP_3840x1920_fps23.976_qp42_3151k_ERP 0.567934159603854 400 240 480
29 G5SubwayConstruction_ERP_3840x2160_fps23.976_qp27_10560k 0.379830156401002 540 240 480
29 G5SubwayConstruction_ERP_3840x2160_fps23.976_qp37_2113k 0.532912739160293 540 240 480
29 G5SubwayConstruction_ERP_3840x2160_fps23.976_qp42_1010k 0.707116456418201 540 240 480
29 G5SubwayConstruction_RCMP_3840x2160_fps23.976_qp27_7860k_ERP 0.405306000150556 540 240 480
29 G5SubwayConstruction_RCMP_3840x2160_fps23.976_qp37_1590k_ERP 0.514108818573470 540 240 480
29 G5SubwayConstruction_RCMP_3840x2160_fps23.976_qp42_765k_ERP 0.669569733463734 540 240 480
29 G5SubwayConstruction_TSP_3840x2160_fps23.976_qp27_9099k_ERP 0.375314528811369 540 240 480
29 G5SubwayConstruction_TSP_3840x2160_fps23.976_qp37_2027k_ERP 0.493773309191616 540 240 480
29 G5SubwayConstruction_TSP_3840x2160_fps23.976_qp42_961k_ERP 0.651286126986521 540 240 480
31 G6DragonTale_ERP_3840x2160_fps30_qp27_13868k 0.395526157293943 480 240 480
31 G6DragonTale_ERP_3840x2160_fps30_qp37_3984k 0.467052158792403 480 240 480
31 G6DragonTale_ERP_3840x2160_fps30_qp42_2057k 0.605350738109865 480 240 480
31 G6DragonTale_RCMP_3840x2160_fps30_qp27_13321k_ERP 0.391624446506265 480 240 480
31 G6DragonTale_RCMP_3840x2160_fps30_qp37_3770k_ERP 0.480797063712508 480 240 480
31 G6DragonTale_RCMP_3840x2160_fps30_qp42_1891k_ERP 0.606609883369404 480 240 480
31 G6DragonTale_TSP_3840x2160_fps30_qp27_16002k_ERP 0.390261219263160 480 240 480
31 G6DragonTale_TSP_3840x2160_fps30_qp37_4715k_ERP 0.490853291892388 480 240 480
31 G6DragonTale_TSP_3840x2160_fps30_qp42_2433k_ERP 0.518539890559775 480 240 480
32 G6GTRDriving_ERP_3840x2160_fps30_qp27_28748k 0.384572546763814 300 240 480
32 G6GTRDriving_ERP_3840x2160_fps30_qp37_8912k 0.416619378200994 300 240 480
32 G6GTRDriving_ERP_3840x2160_fps30_qp42_4245k 0.473997377794723 300 240 480
32 G6GTRDriving_RCMP_3840x2160_fps30_qp27_28616k_ERP 0.368535320352683 300 240 480
32 G6GTRDriving_RCMP_3840x2160_fps30_qp37_8454k_ERP 0.436330106315875 300 240 480
32 G6GTRDriving_RCMP_3840x2160_fps30_qp42_4022k_ERP 0.533804505611114 300 240 480
32 G6GTRDriving_TSP_3840x2160_fps30_qp27_26951k_ERP 0.368230119074842 300 240 480
32 G6GTRDriving_TSP_3840x2160_fps30_qp37_8004k_ERP 0.416690829901028 300 240 480
32 G6GTRDriving_TSP_3840x2160_fps30_qp42_3916k_ERP 0.418930372370388 300 240 480
33 G6ManhattanNight_ERP_3840x2048_fps23.976_qp27_25693k 0.423121869519921 380 240 480
33 G6ManhattanNight_ERP_3840x2048_fps23.976_qp37_4067k 0.399020952857852 380 240 480
33 G6ManhattanNight_ERP_3840x2048_fps23.976_qp42_1273k 0.505646389580250 380 240 480
33 G6ManhattanNight_RCMP_3840x2048_fps23.976_qp27_22595k_ERP 0.385846413420733 380 240 480
33 G6ManhattanNight_RCMP_3840x2048_fps23.976_qp37_3282k_ERP 0.433958444429824 380 240 480
33 G6ManhattanNight_RCMP_3840x2048_fps23.976_qp42_979k_ERP 0.522516390548502 380 240 480
33 G6ManhattanNight_TSP_3840x2048_fps23.976_qp27_22474k_ERP 0.403768988219555 380 240 480
33 G6ManhattanNight_TSP_3840x2048_fps23.976_qp37_4050k_ERP 0.410396920670221 380 240 480
33 G6ManhattanNight_TSP_3840x2048_fps23.976_qp42_1308k_ERP 0.478670256287242 380 240 480
34 G6YeahBoy_ERP_7680x3840_fps29.97_qp27_2625k 0.376706021055625 300 240 480
34 G6YeahBoy_ERP_7680x3840_fps29.97_qp37_572k 0.729389932343625 300 240 480
34 G6YeahBoy_ERP_7680x3840_fps29.97_qp42_713k 0.744978067945067 300 240 480
34 G6YeahBoy_RCMP_7680x3840_fps29.97_qp27_2336k_ERP 0.427003428553671 300 240 480
34 G6YeahBoy_RCMP_7680x3840_fps29.97_qp37_512k_ERP 0.742021300058510 300 240 480
34 G6YeahBoy_RCMP_7680x3840_fps29.97_qp42_638k_ERP 0.779335544826716 300 240 480
34 G6YeahBoy_TSP_7680x3840_fps29.97_qp27_3426k_ERP 0.367426744313763 300 240 480
34 G6YeahBoy_TSP_7680x3840_fps29.97_qp37_758k_ERP 0.658200324816792 300 240 480
34 G6YeahBoy_TSP_7680x3840_fps29.97_qp42_775k_ERP 0.731357435970654 300 240 480
35 G6YosemiteGliding_ERP_3840x2048_fps23.976_qp27_16349k 0.385324825892756 360 240 480
35 G6YosemiteGliding_ERP_3840x2048_fps23.976_qp37_3425k 0.531692172727989 360 240 480
35 G6YosemiteGliding_ERP_3840x2048_fps23.976_qp42_1325k 0.601618642900005 360 240 480
35 G6YosemiteGliding_RCMP_3840x2048_fps23.976_qp27_13444k_ERP 0.413808886411370 360 240 480
35 G6YosemiteGliding_RCMP_3840x2048_fps23.976_qp37_2522k_ERP 0.506580494504628 360 240 480
35 G6YosemiteGliding_RCMP_3840x2048_fps23.976_qp42_936k_ERP 0.679813200034720 360 240 480
35 G6YosemiteGliding_TSP_3840x2048_fps23.976_qp27_11940k_ERP 0.392373374973233 360 240 480
35 G6YosemiteGliding_TSP_3840x2048_fps23.976_qp37_2247k_ERP 0.529290809235768 360 240 480
35 G6YosemiteGliding_TSP_3840x2048_fps23.976_qp42_884k_ERP 0.592809411094207 360 240 480
36 G7AuroraQuartzLake_ERP_7680x3840_fps30_qp27_7342k 0.314968997500605 300 240 480
36 G7AuroraQuartzLake_ERP_7680x3840_fps30_qp37_798k 0.478598104419045 300 240 480
36 G7AuroraQuartzLake_ERP_7680x3840_fps30_qp42_643k 0.589989618736328 300 240 480
36 G7AuroraQuartzLake_RCMP_7680x3840_fps30_qp27_5543k_ERP 0.340716332004177 300 240 480
36 G7AuroraQuartzLake_RCMP_7680x3840_fps30_qp37_570k_ERP 0.457039871101680 300 240 480
36 G7AuroraQuartzLake_RCMP_7680x3840_fps30_qp42_550k_ERP 0.610605644416056 300 240 480
36 G7AuroraQuartzLake_TSP_7680x3840_fps30_qp27_8057k_ERP 0.363984610659576 300 240 480
36 G7AuroraQuartzLake_TSP_7680x3840_fps30_qp37_1138k_ERP 0.388718285800525 300 240 480
36 G7AuroraQuartzLake_TSP_7680x3840_fps30_qp42_695k_ERP 0.594143429233888 300 240 480
37 G7DragonCastleAttatck_ERP_3840x2048_fps24_qp27_15133k 0.377388735302063 600 240 480
37 G7DragonCastleAttatck_ERP_3840x2048_fps24_qp37_4272k 0.486428514613463 600 240 480
37 G7DragonCastleAttatck_ERP_3840x2048_fps24_qp42_2084k 0.582394946411836 600 240 480
37 G7DragonCastleAttatck_RCMP_3840x2048_fps24_qp27_12286k_ERP 0.337447591370396 600 240 480
37 G7DragonCastleAttatck_RCMP_3840x2048_fps24_qp37_3258k_ERP 0.472299191541251 600 240 480
37 G7DragonCastleAttatck_RCMP_3840x2048_fps24_qp42_1536k_ERP 0.662162823937002 600 240 480
37 G7DragonCastleAttatck_TSP_3840x2048_fps24_qp27_12955k_ERP 0.340843350703671 600 240 480
37 G7DragonCastleAttatck_TSP_3840x2048_fps24_qp37_3668k_ERP 0.430524490845013 600 240 480
37 G7DragonCastleAttatck_TSP_3840x2048_fps24_qp42_1810k_ERP 0.518262327590944 600 240 480
38 G7OrchestraOfSpheres_ERP_7680x3840_fps24_qp27_4824k 0.372537643322489 300 240 480
38 G7OrchestraOfSpheres_ERP_7680x3840_fps24_qp37_1330k 0.591612900486015 300 240 480
38 G7OrchestraOfSpheres_ERP_7680x3840_fps24_qp42_683k 0.784460220890259 300 240 480
38 G7OrchestraOfSpheres_RCMP_7680x3840_fps24_qp27_4143k_ERP 0.364507504801035 300 240 480
38 G7OrchestraOfSpheres_RCMP_7680x3840_fps24_qp37_1196k_ERP 0.605202098656910 300 240 480
38 G7OrchestraOfSpheres_RCMP_7680x3840_fps24_qp42_611k_ERP 0.781574459318841 300 240 480
38 G7OrchestraOfSpheres_TSP_7680x3840_fps24_qp27_5527k_ERP 0.363288145753071 300 240 480
38 G7OrchestraOfSpheres_TSP_7680x3840_fps24_qp37_1572k_ERP 0.549990579699116 300 240 480
38 G7OrchestraOfSpheres_TSP_7680x3840_fps24_qp42_822k_ERP 0.682489999580888 300 240 480
41 G7UcaimaWaterfall_ERP_3840x1920_fps29.97_qp27_46307k 0.371884096576656 320 240 480
41 G7UcaimaWaterfall_ERP_3840x1920_fps29.97_qp37_13551k 0.400315669530302 320 240 480
41 G7UcaimaWaterfall_ERP_3840x1920_fps29.97_qp42_5233k 0.469297159670178 320 240 480
41 G7UcaimaWaterfall_RCMP_3840x1920_fps29.97_qp27_46695k_ERP 0.340482664585398 320 240 480
41 G7UcaimaWaterfall_RCMP_3840x1920_fps29.97_qp37_11088k_ERP 0.374586445604543 320 240 480
41 G7UcaimaWaterfall_RCMP_3840x1920_fps29.97_qp42_4032k_ERP 0.491998368138916 320 240 480
41 G7UcaimaWaterfall_TSP_3840x1920_fps29.97_qp27_35825k_ERP 0.365383052733655 320 240 480
41 G7UcaimaWaterfall_TSP_3840x1920_fps29.97_qp37_8308k_ERP 0.419148871613089 320 240 480
41 G7UcaimaWaterfall_TSP_3840x1920_fps29.97_qp42_3149k_ERP 0.450312945024928 320 240 480
42 G8ANewEmpire_ERP_3840x2048_fps29.97_qp27_33327k 0.406895955332352 300 240 480
42 G8ANewEmpire_ERP_3840x2048_fps29.97_qp37_10885k 0.452877044443405 300 240 480
42 G8ANewEmpire_ERP_3840x2048_fps29.97_qp42_5571k 0.541292742624696 300 240 480
42 G8ANewEmpire_RCMP_3840x2048_fps29.97_qp27_31147k_ERP 0.392114909111438 300 240 480
42 G8ANewEmpire_RCMP_3840x2048_fps29.97_qp37_8905k_ERP 0.462878795696535 300 240 480
42 G8ANewEmpire_RCMP_3840x2048_fps29.97_qp42_4354k_ERP 0.614178348366348 300 240 480
42 G8ANewEmpire_TSP_3840x2048_fps29.97_qp27_31798k_ERP 0.409511088419951 300 240 480
42 G8ANewEmpire_TSP_3840x2048_fps29.97_qp37_9645k_ERP 0.431055202997699 300 240 480
42 G8ANewEmpire_TSP_3840x2048_fps29.97_qp42_4840k_ERP 0.455252513170255 300 240 480
43 G8AlpsParagliding_ERP_3840x1920_fps25_qp27_8437k 0.355169641164416 300 240 480
43 G8AlpsParagliding_ERP_3840x1920_fps25_qp37_1995k 0.512830506985388 300 240 480
43 G8AlpsParagliding_ERP_3840x1920_fps25_qp42_964k 0.619719189370001 300 240 480
43 G8AlpsParagliding_RCMP_3840x1920_fps25_qp27_6011k_ERP 0.379625262442152 300 240 480
43 G8AlpsParagliding_RCMP_3840x1920_fps25_qp37_1377k_ERP 0.491005531764415 300 240 480
43 G8AlpsParagliding_RCMP_3840x1920_fps25_qp42_667k_ERP 0.602662626053551 300 240 480
43 G8AlpsParagliding_TSP_3840x1920_fps25_qp27_6609k_ERP 0.387688219708290 300 240 480
43 G8AlpsParagliding_TSP_3840x1920_fps25_qp37_1492k_ERP 0.500995942211882 300 240 480
43 G8AlpsParagliding_TSP_3840x1920_fps25_qp42_709k_ERP 0.639133993528748 300 240 480
44 G8DivingWithSharks_ERP_7680x3840_fps29.97_qp27_42160k 0.383496797836464 320 240 480
44 G8DivingWithSharks_ERP_7680x3840_fps29.97_qp37_12386k 0.438575725118787 320 240 480
44 G8DivingWithSharks_ERP_7680x3840_fps29.97_qp42_5645k 0.583675570760210 320 240 480
44 G8DivingWithSharks_RCMP_7680x3840_fps29.97_qp27_44505k_ERP 0.374085507946204 320 240 480
44 G8DivingWithSharks_RCMP_7680x3840_fps29.97_qp37_13275k_ERP 0.429082701482319 320 240 480
44 G8DivingWithSharks_RCMP_7680x3840_fps29.97_qp42_6268k_ERP 0.520955918530562 320 240 480
44 G8DivingWithSharks_TSP_7680x3840_fps29.97_qp27_49119k_ERP 0.391810166832268 320 240 480
44 G8DivingWithSharks_TSP_7680x3840_fps29.97_qp37_15430k_ERP 0.418305671684877 320 240 480
44 G8DivingWithSharks_TSP_7680x3840_fps29.97_qp42_7752k_ERP 0.455459971815103 320 240 480
45 G8Pagoda_ERP_4096x2048_fps30_qp27_12962k 0.407896520675643 300 240 480
45 G8Pagoda_ERP_4096x2048_fps30_qp37_1787k 0.498422479791908 300 240 480
45 G8Pagoda_ERP_4096x2048_fps30_qp42_663k 0.606813606882714 300 240 480
45 G8Pagoda_RCMP_4096x2048_fps30_qp27_9384k_ERP 0.367147639192096 300 240 480
45 G8Pagoda_RCMP_4096x2048_fps30_qp37_1143k_ERP 0.509096228767990 300 240 480
45 G8Pagoda_RCMP_4096x2048_fps30_qp42_397k_ERP 0.704137835575385 300 240 480
45 G8Pagoda_TSP_4096x2048_fps30_qp27_10029k_ERP 0.324451690178301 300 240 480
45 G8Pagoda_TSP_4096x2048_fps30_qp37_1401k_ERP 0.435317935992174 300 240 480
45 G8Pagoda_TSP_4096x2048_fps30_qp42_530k_ERP 0.547026507246038 300 240 480
46 G8Salon_ERP_4096x2048_fps30_qp27_3503k 0.394540762675926 300 240 480
46 G8Salon_ERP_4096x2048_fps30_qp37_389k 0.700938104923517 300 240 480
46 G8Salon_ERP_4096x2048_fps30_qp42_398k 0.726533715059573 300 240 480
46 G8Salon_RCMP_4096x2048_fps30_qp27_2200k_ERP 0.455856644637699 300 240 480
46 G8Salon_RCMP_4096x2048_fps30_qp37_326k_ERP 0.718287091234196 300 240 480
46 G8Salon_RCMP_4096x2048_fps30_qp42_337k_ERP 0.701295281843837 300 240 480
46 G8Salon_TSP_4096x2048_fps30_qp27_2925k_ERP 0.354831861362782 300 240 480
46 G8Salon_TSP_4096x2048_fps30_qp37_362k_ERP 0.647477521980308 300 240 480
46 G8Salon_TSP_4096x2048_fps30_qp42_393k_ERP 0.726933028177724 300 240 480
47 G8YourMan_ERP_7680x3840_fps29.97_qp27_10412k 0.359459647965479 300 240 480
47 G8YourMan_ERP_7680x3840_fps29.97_qp37_2519k 0.502921660628028 300 240 480
47 G8YourMan_ERP_7680x3840_fps29.97_qp42_1193k 0.670628972178423 300 240 480
47 G8YourMan_RCMP_7680x3840_fps29.97_qp27_8335k_ERP 0.371452640243898 300 240 480
47 G8YourMan_RCMP_7680x3840_fps29.97_qp37_2171k_ERP 0.497666995784934 300 240 480
47 G8YourMan_RCMP_7680x3840_fps29.97_qp42_1079k_ERP 0.660816047533488 300 240 480
47 G8YourMan_TSP_7680x3840_fps29.97_qp27_9288k_ERP 0.345983245446987 300 240 480
47 G8YourMan_TSP_7680x3840_fps29.97_qp37_2230k_ERP 0.488899901873693 300 240 480
47 G8YourMan_TSP_7680x3840_fps29.97_qp42_1103k_ERP 0.624830886748942 300 240 480
48 G9BloomingAppleOrchards_ERP_7680x3840_fps29.97_qp27_16794k 0.374352290231247 380 240 480
48 G9BloomingAppleOrchards_ERP_7680x3840_fps29.97_qp37_1837k 0.707137014236469 380 240 480
48 G9BloomingAppleOrchards_ERP_7680x3840_fps29.97_qp42_1811k 0.745042908967518 380 240 480
48 G9BloomingAppleOrchards_RCMP_7680x3840_fps29.97_qp27_13186k_ERP 0.383975635655962 380 240 480
48 G9BloomingAppleOrchards_RCMP_7680x3840_fps29.97_qp37_1555k_ERP 0.748125915479661 380 240 480
48 G9BloomingAppleOrchards_RCMP_7680x3840_fps29.97_qp42_1579k_ERP 0.766323391781651 380 240 480
48 G9BloomingAppleOrchards_TSP_7680x3840_fps29.97_qp27_14562k_ERP 0.359117315443632 380 240 480
48 G9BloomingAppleOrchards_TSP_7680x3840_fps29.97_qp37_1674k_ERP 0.682648533708017 380 240 480
48 G9BloomingAppleOrchards_TSP_7680x3840_fps29.97_qp42_1649k_ERP 0.666273408342214 380 240 480
49 G9ConcertLive_ERP_4096x2048_fps30_qp27_7102k 0.374957698017852 300 240 480
49 G9ConcertLive_ERP_4096x2048_fps30_qp37_2256k 0.452439633170571 300 240 480
49 G9ConcertLive_ERP_4096x2048_fps30_qp42_1246k 0.568786890566432 300 240 480
49 G9ConcertLive_RCMP_4096x2048_fps30_qp27_6973k_ERP 0.362492396243506 300 240 480
49 G9ConcertLive_RCMP_4096x2048_fps30_qp37_2237k_ERP 0.453147673025747 300 240 480
49 G9ConcertLive_RCMP_4096x2048_fps30_qp42_1228k_ERP 0.586209813068140 300 240 480
49 G9ConcertLive_TSP_4096x2048_fps30_qp27_8373k_ERP 0.349643207215292 300 240 480
49 G9ConcertLive_TSP_4096x2048_fps30_qp37_2648k_ERP 0.457558797538144 300 240 480
49 G9ConcertLive_TSP_4096x2048_fps30_qp42_1482k_ERP 0.604878853492709 300 240 480
50 G9DivingWithJellyfish_ERP_7680x3840_fps25_qp27_11858k 0.366070000934702 330 240 480
50 G9DivingWithJellyfish_ERP_7680x3840_fps25_qp37_2228k 0.502822223917384 330 240 480
50 G9DivingWithJellyfish_ERP_7680x3840_fps25_qp42_876k 0.664022926493777 330 240 480
50 G9DivingWithJellyfish_RCMP_7680x3840_fps25_qp27_10269k_ERP 0.371134826101901 330 240 480
50 G9DivingWithJellyfish_RCMP_7680x3840_fps25_qp37_2066k_ERP 0.461117682071149 330 240 480
50 G9DivingWithJellyfish_RCMP_7680x3840_fps25_qp42_868k_ERP 0.634607262619392 330 240 480
50 G9DivingWithJellyfish_TSP_7680x3840_fps25_qp27_11730k_ERP 0.348579940461504 330 240 480
50 G9DivingWithJellyfish_TSP_7680x3840_fps25_qp37_2490k_ERP 0.469832727439786 330 240 480
50 G9DivingWithJellyfish_TSP_7680x3840_fps25_qp42_1121k_ERP 0.606638968609331 330 240 480
51 G9DrivingInCity_ERP_3840x1920_fps30_qp27_11315k 0.348213270116261 300 240 480
51 G9DrivingInCity_ERP_3840x1920_fps30_qp37_2350k 0.500253698960375 300 240 480
51 G9DrivingInCity_ERP_3840x1920_fps30_qp42_1069k 0.580939568727144 300 240 480
51 G9DrivingInCity_RCMP_3840x1920_fps30_qp27_10899k_ERP 0.365938344404057 300 240 480
51 G9DrivingInCity_RCMP_3840x1920_fps30_qp37_2331k_ERP 0.466018873054837 300 240 480
51 G9DrivingInCity_RCMP_3840x1920_fps30_qp42_1068k_ERP 0.572747504389297 300 240 480
51 G9DrivingInCity_TSP_3840x1920_fps30_qp27_12713k_ERP 0.366226212353236 300 240 480
51 G9DrivingInCity_TSP_3840x1920_fps30_qp37_2642k_ERP 0.386043763149656 300 240 480
51 G9DrivingInCity_TSP_3840x1920_fps30_qp42_1253k_ERP 0.547023395802399 300 240 480
52 G9FootballMatch_ERP_4096x2048_fps30_qp27_1529k 0.379317144652303 300 240 480
52 G9FootballMatch_ERP_4096x2048_fps30_qp37_220k 0.665463012367702 300 240 480
52 G9FootballMatch_ERP_4096x2048_fps30_qp42_288k 0.706673198732456 300 240 480
52 G9FootballMatch_RCMP_4096x2048_fps30_qp27_1128k_ERP 0.423378110722686 300 240 480
52 G9FootballMatch_RCMP_4096x2048_fps30_qp37_201k_ERP 0.649940840016025 300 240 480
52 G9FootballMatch_RCMP_4096x2048_fps30_qp42_225k_ERP 0.721361047176137 300 240 480
52 G9FootballMatch_TSP_4096x2048_fps30_qp27_1830k_ERP 0.353435159192341 300 240 480
52 G9FootballMatch_TSP_4096x2048_fps30_qp37_263k_ERP 0.611423515839657 300 240 480
52 G9FootballMatch_TSP_4096x2048_fps30_qp42_300k_ERP 0.690869763275067 300 240 480
53 G9GreatWall_ERP_4096x2048_fps30_qp27_43911k 0.360827684238876 300 240 480
53 G9GreatWall_ERP_4096x2048_fps30_qp37_7750k 0.379278964661745 300 240 480
53 G9GreatWall_ERP_4096x2048_fps30_qp42_3096k 0.464409345192661 300 240 480
53 G9GreatWall_RCMP_4096x2048_fps30_qp27_33606k_ERP 0.367499584660599 300 240 480
53 G9GreatWall_RCMP_4096x2048_fps30_qp37_4839k_ERP 0.368412140980985 300 240 480
53 G9GreatWall_RCMP_4096x2048_fps30_qp42_1664k_ERP 0.501758740471904 300 240 480
53 G9GreatWall_TSP_4096x2048_fps30_qp27_29174k_ERP 0.306938655745996 300 240 480
53 G9GreatWall_TSP_4096x2048_fps30_qp37_4905k_ERP 0.378717458518418 300 240 480
53 G9GreatWall_TSP_4096x2048_fps30_qp42_1875k_ERP 0.468953067763488 300 240 480
54 G10BoatInPark_ERP_4096x2048_fps30_qp27_14547k 0.344199667718881 300 240 480
54 G10BoatInPark_ERP_4096x2048_fps30_qp37_3270k 0.406446485498561 300 240 480
54 G10BoatInPark_ERP_4096x2048_fps30_qp42_1507k 0.541099994815515 300 240 480
54 G10BoatInPark_RCMP_4096x2048_fps30_qp27_11884k_ERP 0.317741710473448 300 240 480
54 G10BoatInPark_RCMP_4096x2048_fps30_qp37_2514k_ERP 0.428925674885076 300 240 480
54 G10BoatInPark_RCMP_4096x2048_fps30_qp42_1095k_ERP 0.546103142162355 300 240 480
54 G10BoatInPark_TSP_4096x2048_fps30_qp27_12477k_ERP 0.331033876908602 300 240 480
54 G10BoatInPark_TSP_4096x2048_fps30_qp37_2592k_ERP 0.404201222207956 300 240 480
54 G10BoatInPark_TSP_4096x2048_fps30_qp42_1172k_ERP 0.474244965846418 300 240 480
55 G10BodybuildingWorkout_ERP_7680x3840_fps29.97_qp27_6105k 0.353056799014248 300 240 480
55 G10BodybuildingWorkout_ERP_7680x3840_fps29.97_qp37_913k 0.570380545613398 300 240 480
55 G10BodybuildingWorkout_ERP_7680x3840_fps29.97_qp42_697k 0.675792829399889 300 240 480
55 G10BodybuildingWorkout_RCMP_7680x3840_fps29.97_qp27_6488k_ERP 0.369332704189506 300 240 480
55 G10BodybuildingWorkout_RCMP_7680x3840_fps29.97_qp37_1036k_ERP 0.463095139480025 300 240 480
55 G10BodybuildingWorkout_RCMP_7680x3840_fps29.97_qp42_565k_ERP 0.650163113833294 300 240 480
55 G10BodybuildingWorkout_TSP_7680x3840_fps29.97_qp27_9017k_ERP 0.384287967137764 300 240 480
55 G10BodybuildingWorkout_TSP_7680x3840_fps29.97_qp37_1568k_ERP 0.474986664741817 300 240 480
55 G10BodybuildingWorkout_TSP_7680x3840_fps29.97_qp42_742k_ERP 0.631312785930850 300 240 480
56 G10BuddhaCave_ERP_4096x2048_fps30_qp27_1289k 0.381038763346076 300 240 480
56 G10BuddhaCave_ERP_4096x2048_fps30_qp37_236k 0.614637646825791 300 240 480
56 G10BuddhaCave_ERP_4096x2048_fps30_qp42_170k 0.734360006581133 300 240 480
56 G10BuddhaCave_RCMP_4096x2048_fps30_qp27_1308k_ERP 0.383519587859488 300 240 480
56 G10BuddhaCave_RCMP_4096x2048_fps30_qp37_256k_ERP 0.580948734954848 300 240 480
56 G10BuddhaCave_RCMP_4096x2048_fps30_qp42_143k_ERP 0.723085310487983 300 240 480
56 G10BuddhaCave_TSP_4096x2048_fps30_qp27_2506k_ERP 0.318229762628630 300 240 480
56 G10BuddhaCave_TSP_4096x2048_fps30_qp37_471k_ERP 0.502400230805635 300 240 480
56 G10BuddhaCave_TSP_4096x2048_fps30_qp42_233k_ERP 0.629475539119165 300 240 480
57 G10DrivingInCountry_ERP_3840x1920_fps30_qp27_27706k 0.387848753573085 300 240 480
57 G10DrivingInCountry_ERP_3840x1920_fps30_qp37_5475k 0.475834188256748 300 240 480
57 G10DrivingInCountry_ERP_3840x1920_fps30_qp42_2103k 0.612663531988865 300 240 480
57 G10DrivingInCountry_RCMP_3840x1920_fps30_qp27_20902k_ERP 0.363396392081361 300 240 480
57 G10DrivingInCountry_RCMP_3840x1920_fps30_qp37_3808k_ERP 0.521908831523865 300 240 480
57 G10DrivingInCountry_RCMP_3840x1920_fps30_qp42_1437k_ERP 0.628508550084216 300 240 480
57 G10DrivingInCountry_TSP_3840x1920_fps30_qp27_23963k_ERP 0.351267937832585 300 240 480
57 G10DrivingInCountry_TSP_3840x1920_fps30_qp37_4664k_ERP 0.437385847130540 300 240 480
57 G10DrivingInCountry_TSP_3840x1920_fps30_qp42_1955k_ERP 0.515649846198154 300 240 480
59 G10XiaoGuang_ERP_4096x2048_fps30_qp27_2502k 0.353866482478855 300 240 480
59 G10XiaoGuang_ERP_4096x2048_fps30_qp37_644k 0.531221887929609 300 240 480
59 G10XiaoGuang_ERP_4096x2048_fps30_qp42_393k 0.700618438535463 300 240 480
59 G10XiaoGuang_RCMP_4096x2048_fps30_qp27_2437k_ERP 0.356572476332482 300 240 480
59 G10XiaoGuang_RCMP_4096x2048_fps30_qp37_645k_ERP 0.519942222627303 300 240 480
59 G10XiaoGuang_RCMP_4096x2048_fps30_qp42_322k_ERP 0.755237631517996 300 240 480
59 G10XiaoGuang_TSP_4096x2048_fps30_qp27_2813k_ERP 0.357170390752791 300 240 480
59 G10XiaoGuang_TSP_4096x2048_fps30_qp37_666k_ERP 0.529509381975290 300 240 480
59 G10XiaoGuang_TSP_4096x2048_fps30_qp42_344k_ERP 0.732730827137524 300 240 480
